20	332	4110
38	627	37
48	4317	1
50	72	6
51	72	6
52	5	2
54	3	1
55	3	1
57	59	1
60	73	1
64	73	1
66	5	2
67	68	2
77	4319	2
78	4319	2
79	4319	2
80	4179	2
81	4319	2
84	4319	2
88	4319	2
89	4319	2
90	4179	2
91	4179	2
92	75	7
94	4319	2
95	4319	2
96	4179	2
97	4179	2
101	4319	2
106	4318	2
110	59	1
111	3419	9
112	3419	9
114	3419	9
115	3419	9
116	1283	9
118	3419	9
119	3419	9
121	3419	9
123	3419	9
124	3419	9
125	3419	9
126	3419	9
127	3424	9
130	3424	9
132	3424	9
134	3424	9
135	3424	9
136	3424	9
137	3424	9
138	4316	9
139	4316	9
140	4316	9
142	3430	9
143	10	9
145	3419	9
146	3419	9
147	4316	9
148	4316	9
152	3430	9
153	3436	9
154	10	9
159	10	9
160	10	9
164	10	9
165	10	9
167	10	9
173	10	9
177	10	9
178	1283	9
179	11	6
180	11	6
183	11	6
184	11	6
185	11	6
186	11	6
189	181	6
190	181	6
191	12	9
192	12	9
195	12	9
196	12	9
197	12	9
198	3646	13
200	3639	13
201	3639	13
202	3639	13
203	3639	13
204	3639	13
205	3639	13
206	3645	13
207	3646	13
208	3649	13
210	4320	18
211	3639	13
212	3649	13
213	3649	13
214	3649	13
215	3649	13
217	3639	13
218	3639	13
219	3639	13
220	3639	13
221	3639	13
223	3652	13
224	3652	13
225	3652	13
229	3654	14
230	3654	14
231	3670	14
232	3654	14
233	3649	13
237	3661	14
238	3659	14
239	3670	14
240	3659	14
241	15	4321
242	15	4321
243	15	4321
252	15	4321
253	15	4321
254	15	4321
255	16	4321
259	16	4321
261	16	4321
266	16	4321
267	16	4321
273	4344	4321
274	17	4321
275	4344	4321
276	4344	4321
277	4344	4321
278	4372	4321
280	4344	4321
281	4372	4321
282	4320	18
283	4320	18
284	4320	18
285	3686	18
286	4320	18
288	4320	18
289	3686	18
290	4320	18
291	4320	18
292	29	2877
293	3686	18
294	4320	18
295	4320	18
298	4320	18
302	4320	18
303	4320	18
313	19	4321
317	332	4110
318	19	4321
319	19	4321
320	19	4321
331	332	4110
344	23	22
345	23	22
346	23	22
347	23	22
348	23	22
349	23	22
350	23	22
351	23	22
352	23	22
353	23	22
354	23	22
356	23	22
357	23	22
361	23	22
362	23	22
365	23	22
366	23	22
367	23	22
369	24	22
370	24	22
371	24	22
372	24	22
373	24	22
374	24	22
377	24	22
378	24	22
387	3012	22
390	3012	22
393	70	6
401	26	22
402	26	22
403	26	22
404	26	22
405	26	22
406	26	22
440	28	22
441	28	22
442	28	22
445	28	22
451	29	2877
452	3639	13
453	3639	13
454	29	2877
457	4320	18
458	29	2877
459	29	2877
460	29	2877
463	29	2877
470	30	2877
482	31	2877
484	30	2877
485	31	2877
486	31	2877
487	31	2877
488	31	2877
489	31	2877
491	29	2877
496	31	2877
499	31	2877
501	31	2877
504	31	2877
506	31	2877
507	29	2877
514	31	2877
516	19	4321
519	31	2877
525	31	2877
527	31	2877
533	538	32
554	3488	33
555	3488	33
556	558	33
557	558	33
559	561	33
560	561	33
563	562	33
566	3488	33
567	564	33
568	558	33
572	3811	33
573	3811	33
574	3811	33
575	3811	33
576	3811	33
577	3811	33
579	3811	33
581	3811	33
582	3811	33
583	3811	33
584	3811	33
585	34	33
586	34	33
593	35	33
595	36	33
596	35	33
597	35	33
599	35	33
600	35	33
604	36	33
605	36	33
606	36	33
607	564	33
609	35	33
615	35	33
617	35	33
619	35	33
620	35	33
622	630	37
623	630	37
624	630	37
628	630	37
629	646	37
635	646	37
636	646	37
637	646	37
644	640	37
693	40	4110
697	40	4110
698	40	4110
700	40	4110
701	40	4110
702	40	4110
703	40	4110
720	711	41
743	42	41
744	42	41
745	42	41
747	42	41
748	42	41
749	42	41
750	42	41
751	42	41
752	42	41
908	49	1
909	49	1
910	49	1
911	59	1
913	49	1
915	49	1
918	53	2
919	53	2
920	53	2
921	59	1
924	53	2
925	69	2
929	59	1
930	59	1
932	59	1
933	59	1
936	59	1
940	59	1
941	59	1
943	59	1
944	68	2
945	68	2
946	68	2
947	68	2
948	68	2
949	68	2
950	68	2
952	68	2
954	4318	2
955	68	2
956	4318	2
957	68	2
958	4318	2
960	4318	2
963	4318	2
964	4318	2
965	4318	2
966	3015	22
967	4318	2
968	5	2
969	69	2
970	69	2
971	69	2
972	70	6
974	70	6
976	70	6
977	59	1
979	72	6
981	4	1
982	72	6
983	70	6
985	70	6
986	71	6
987	71	6
988	71	6
989	71	6
990	71	6
991	72	6
992	71	6
994	71	6
995	71	6
996	71	6
997	71	6
998	71	6
999	71	6
1000	70	6
1001	70	6
1002	72	6
1003	72	6
1004	72	6
1005	70	6
1006	72	6
1007	72	6
1008	72	6
1011	72	6
1012	72	6
1013	72	6
1015	74	7
1016	74	7
1017	74	7
1018	74	7
1019	74	7
1020	74	7
1021	74	7
1022	74	7
1023	74	7
1024	74	7
1025	74	7
1026	74	7
1027	74	7
1028	74	7
1029	74	7
1030	74	7
1031	74	7
1032	74	7
1033	74	7
1034	74	7
1035	74	7
1036	74	7
1037	74	7
1038	74	7
1039	74	7
1040	74	7
1041	74	7
1042	74	7
1043	74	7
1044	74	7
1045	74	7
1046	74	7
1047	74	7
1048	74	7
1049	75	7
1050	75	7
1051	75	7
1052	75	7
1053	75	7
1054	86	7
1055	75	7
1056	75	7
1057	75	7
1058	75	7
1059	75	7
1060	75	7
1061	75	7
1062	75	7
1063	75	7
1064	75	7
1070	75	7
1071	75	7
1072	75	7
1073	76	7
1075	76	7
1076	76	7
1077	76	7
1078	76	7
1079	76	7
1080	76	7
1081	76	7
1082	76	7
1083	105	7
1084	76	7
1085	82	7
1086	86	7
1087	82	7
1088	82	7
1089	82	7
1090	82	7
1091	82	7
1092	82	7
1093	82	7
1094	82	7
1095	82	7
1096	82	7
1098	82	7
1099	82	7
1100	82	7
1101	82	7
1102	83	7
1103	83	7
1104	83	7
1105	83	7
1106	83	7
1107	83	7
1108	83	7
1109	83	7
1110	83	7
1111	83	7
1112	83	7
1113	83	7
1114	83	7
1115	83	7
1116	83	7
1117	83	7
1118	83	7
1120	83	7
1121	83	7
1123	85	7
1124	85	7
1125	85	7
1126	85	7
1127	85	7
1128	85	7
1129	85	7
1130	85	7
1131	85	7
1132	86	7
1133	86	7
1134	86	7
1135	86	7
1136	73	1
1138	86	7
1139	86	7
1140	4319	2
1144	86	7
1146	86	7
1149	93	7
1150	93	7
1151	93	7
1152	93	7
1153	93	7
1154	93	7
1155	93	7
1156	93	7
1157	93	7
1159	93	7
1161	93	7
1162	93	7
1164	100	7
1165	100	7
1166	100	7
1167	100	7
1168	100	7
1169	102	7
1170	102	7
1171	102	7
1172	103	7
1173	103	7
1174	103	7
1175	103	7
1176	103	7
1177	103	7
1178	105	7
1179	105	7
1180	105	7
1181	105	7
1182	105	7
1183	105	7
1187	105	7
1189	105	7
1190	105	7
1191	86	7
1192	105	7
1193	105	7
1194	105	7
1195	105	7
1220	181	6
1222	181	6
1224	181	6
1225	181	6
1226	181	6
1230	181	6
1231	181	6
1235	11	6
1251	1253	22
1256	1253	22
1258	341	22
1259	341	22
1260	341	22
1261	4316	9
1263	341	22
1264	341	22
1266	341	22
1267	341	22
1270	341	22
1271	341	22
1272	341	22
1273	341	22
1274	341	22
1275	341	22
1276	341	22
1277	341	22
1278	341	22
1279	341	22
1280	341	22
1291	343	22
1292	343	22
1293	343	22
1294	3020	9
1296	332	4110
1298	1300	22
1302	343	22
1303	531	32
1304	531	32
1305	531	32
1306	531	32
1307	531	32
1309	531	32
1310	531	32
1312	531	32
1314	534	32
1315	534	32
1316	534	32
1317	534	32
1318	534	32
1319	534	32
1320	534	32
1321	535	32
1322	535	32
1323	535	32
1324	535	32
1325	536	32
1326	536	32
1327	536	32
1328	536	32
1329	536	32
1330	536	32
1331	536	32
1332	536	32
1333	536	32
1334	536	32
1335	536	32
1336	536	32
1337	536	32
1338	536	32
1339	536	32
1340	536	32
1341	537	32
1342	537	32
1343	537	32
1344	537	32
1345	537	32
1346	537	32
1347	537	32
1348	537	32
1349	537	32
1350	537	32
1352	537	32
1354	537	32
1357	537	32
1358	537	32
1359	537	32
1361	538	32
1362	538	32
1363	538	32
1364	538	32
1365	538	32
1367	539	32
1368	539	32
1370	539	32
1371	539	32
1372	539	32
1373	539	32
1374	539	32
1375	539	32
1376	539	32
1377	539	32
1378	539	32
1379	539	32
1381	539	32
1383	539	32
1384	539	32
1385	539	32
1388	540	32
1389	540	32
1390	540	32
1391	540	32
1393	540	32
1394	540	32
1395	4372	4321
1398	540	32
1399	540	32
1402	343	22
1404	540	32
1406	540	32
1410	541	32
1411	541	32
1413	36	33
1414	541	32
1416	541	32
1417	541	32
1428	548	32
1434	536	32
1439	544	32
1440	544	32
1441	544	32
1442	544	32
1443	544	32
1444	544	32
1445	544	32
1446	544	32
1447	544	32
1448	544	32
1449	544	32
1450	544	32
1451	4109	32
1452	4109	32
1453	4109	32
1454	4109	32
1455	4109	32
1457	4109	32
1458	4109	32
1459	4109	32
1460	4109	32
1461	4109	32
1462	4109	32
1463	4109	32
1464	4109	32
1465	4109	32
1466	4109	32
1467	4109	32
1468	4109	32
1469	4109	32
1470	4109	32
1471	4109	32
1472	545	32
1473	545	32
1474	545	32
1477	545	32
1478	545	32
1479	545	32
1480	545	32
1481	539	32
1482	546	32
1483	546	32
1484	546	32
1485	546	32
1489	546	32
1492	546	32
1493	547	32
1494	547	32
1495	547	32
1496	548	32
1497	548	32
1498	548	32
1499	548	32
1500	548	32
1501	548	32
1502	548	32
1503	548	32
1504	548	32
1505	548	32
1506	548	32
1507	548	32
1511	549	32
1512	549	32
1513	549	32
1514	549	32
1516	549	32
1517	549	32
1521	31	2877
1594	630	37
1613	627	37
1668	630	37
1669	630	37
1670	630	37
1671	630	37
1672	630	37
1711	646	37
1717	646	37
1728	640	37
1729	640	37
1731	640	37
1733	640	37
1739	640	37
1763	630	37
1792	705	41
1793	705	41
1794	705	41
1795	705	41
1796	705	41
1797	705	41
1798	705	41
1799	705	41
1800	705	41
1801	705	41
1802	705	41
1803	705	41
1804	705	41
1805	705	41
1806	706	41
1807	706	41
1808	706	41
1809	706	41
1810	706	41
1811	706	41
1812	706	41
1813	706	41
1814	706	41
1815	706	41
1816	706	41
1817	706	41
1818	707	41
1819	707	41
1820	707	41
1821	707	41
1822	707	41
1823	707	41
1824	707	41
1825	707	41
1826	707	41
1827	707	41
1828	707	41
1829	707	41
1830	707	41
1831	708	41
1832	708	41
1833	708	41
1834	708	41
1835	708	41
1836	708	41
1837	708	41
1838	708	41
1839	708	41
1840	708	41
1841	708	41
1842	708	41
1843	708	41
1844	708	41
1845	709	41
1846	709	41
1847	709	41
1848	709	41
1849	709	41
1850	709	41
1851	709	41
1852	709	41
1853	709	41
1854	709	41
1855	709	41
1856	709	41
1857	709	41
1858	709	41
1859	709	41
1860	709	41
1861	709	41
1862	709	41
1863	709	41
1864	709	41
1865	709	41
1866	709	41
1867	710	41
1868	712	41
1869	710	41
1870	710	41
1871	710	41
1872	710	41
1873	710	41
1874	710	41
1875	710	41
1876	711	41
1877	711	41
1878	711	41
1879	711	41
1880	711	41
1881	711	41
1882	711	41
1883	711	41
1884	711	41
1885	711	41
1886	711	41
1887	711	41
1888	711	41
1889	711	41
1890	711	41
1891	711	41
1892	711	41
1893	712	41
1894	712	41
1895	712	41
1896	712	41
1897	712	41
1898	712	41
1899	712	41
1900	712	41
1901	712	41
1902	712	41
1903	713	41
1904	713	41
1905	713	41
1906	713	41
1907	713	41
1908	713	41
1909	713	41
1910	713	41
1911	713	41
1912	713	41
1913	713	41
1914	713	41
1915	713	41
1916	713	41
1917	713	41
1918	713	41
1919	713	41
1920	713	41
1921	713	41
1923	714	41
1924	714	41
1925	714	41
1926	714	41
1927	714	41
1928	714	41
1929	714	41
1930	714	41
1931	715	41
1932	715	41
1933	715	41
1934	715	41
1935	715	41
1936	715	41
1937	715	41
1938	715	41
1939	715	41
1940	715	41
1941	715	41
1942	715	41
1943	715	41
1944	715	41
1945	715	41
1946	715	41
1947	715	41
1948	716	41
1949	716	41
1950	716	41
1951	716	41
1952	716	41
1953	715	41
1954	716	41
1955	716	41
1956	716	41
1957	716	41
1958	716	41
1959	716	41
1960	716	41
1961	716	41
1962	716	41
1963	717	41
1964	717	41
1965	717	41
1966	717	41
1967	717	41
1968	717	41
1969	717	41
1970	717	41
1971	718	41
1972	718	41
1973	718	41
1974	718	41
1975	718	41
1976	718	41
1977	718	41
1978	718	41
1979	718	41
1980	718	41
1981	718	41
1982	718	41
1983	718	41
1984	719	41
1985	719	41
1986	719	41
1987	719	41
1988	719	41
1989	719	41
1990	719	41
1991	719	41
1992	719	41
1993	719	41
1994	719	41
1995	719	41
1996	719	41
1997	719	41
1998	721	41
1999	721	41
2000	721	41
2001	721	41
2002	721	41
2003	721	41
2004	721	41
2005	721	41
2006	721	41
2007	721	41
2008	721	41
2009	722	41
2010	722	41
2011	722	41
2013	722	41
2014	722	41
2015	722	41
2016	722	41
2017	722	41
2018	722	41
2019	722	41
2020	722	41
2021	723	41
2022	723	41
2023	723	41
2024	723	41
2025	724	41
2026	724	41
2027	724	41
2028	724	41
2029	724	41
2030	724	41
2031	724	41
2032	724	41
2033	724	41
2034	725	41
2035	725	41
2036	725	41
2037	725	41
2038	725	41
2039	725	41
2040	1248	22
2041	1248	22
2042	1248	22
2043	1248	22
2044	1248	22
2045	1248	22
2046	1248	22
2048	1248	22
2052	1249	22
2053	1249	22
2060	1250	22
2062	1253	22
2063	1250	22
2066	1250	22
2067	1250	22
2068	1250	22
2070	1250	22
2072	1250	22
2079	1250	22
2098	1253	22
2099	1253	22
2100	1253	22
2102	1253	22
2104	1253	22
2106	1253	22
2109	1253	22
2150	1283	9
2151	1283	9
2153	1283	9
2157	1283	9
2159	3424	9
2161	3424	9
2162	3424	9
2165	1285	9
2167	1285	9
2168	1285	9
2169	1285	9
2170	1285	9
2171	343	22
2172	343	22
2173	343	22
2174	4286	22
2176	343	22
2178	343	22
2179	562	33
2181	343	22
2183	343	22
2184	343	22
2185	343	22
2187	343	22
2189	343	22
2191	343	22
2192	1285	9
2197	343	22
2198	343	22
2199	1297	22
2205	343	22
2207	343	22
2219	3436	9
2224	343	22
2226	1297	22
2228	1297	22
2230	1297	22
2232	1297	22
2233	1297	22
2234	1297	22
2235	1297	22
2250	1300	22
2251	1300	22
2252	1300	22
2253	1300	22
2254	1300	22
2255	1300	22
2256	1300	22
2258	1300	22
2259	1300	22
2260	4286	22
2262	4286	22
2264	4286	22
2265	3012	22
2811	1250	22
2812	1250	22
2814	1250	22
2863	1297	22
2871	343	22
2878	483	2877
2879	483	2877
2882	483	2877
2884	483	2877
2885	483	2877
2886	483	2877
2887	483	2877
2892	483	2877
2893	483	2877
2894	483	2877
2895	483	2877
2896	29	2877
2897	483	2877
2899	483	2877
2905	483	2877
2914	2913	4110
2915	2913	4110
2916	2913	4110
2917	2913	4110
2919	2913	4110
2920	2913	4110
2922	2913	4110
2924	2913	4110
2926	2913	4110
2927	2913	4110
2928	2913	4110
2929	2913	4110
2931	2913	4110
2932	2913	4110
2939	2913	4110
2940	2913	4110
2941	2913	4110
2947	2913	4110
2950	59	1
2951	4318	2
2953	343	22
2955	181	6
2956	35	33
2958	3811	33
2961	3811	33
2962	3811	33
2963	332	4110
2964	332	4110
2965	332	4110
2966	332	4110
2967	332	4110
2969	332	4110
2971	332	4110
2972	332	4110
2973	12	9
2984	3012	22
2987	1300	22
2988	3430	9
3006	332	4110
3009	564	33
3013	3015	22
3019	3015	22
3023	3811	33
3025	86	7
3026	3015	22
3028	40	4110
3030	86	7
3031	707	41
3032	3424	9
3033	710	41
3034	735	41
3038	35	33
3039	10	9
3045	483	2877
3046	35	33
3051	71	6
3052	3012	22
3053	3012	22
3069	386	25
3079	386	25
3080	386	25
3103	386	25
3104	386	25
3105	386	25
3109	386	25
3111	3012	22
3114	3012	22
3116	386	25
3117	3012	22
3123	3012	22
3125	397	25
3126	397	25
3127	397	25
3128	397	25
3129	397	25
3130	397	25
3131	397	25
3132	397	25
3133	397	25
3135	3134	25
3136	3134	25
3137	3134	25
3138	398	25
3139	398	25
3140	398	25
3141	3012	22
3142	395	25
3143	395	25
3144	394	25
3145	394	25
3146	3012	22
3147	385	25
3148	385	25
3149	396	25
3150	396	25
3152	3012	22
3153	396	25
3154	3012	22
3155	3012	22
3156	396	25
3168	3015	22
3169	3015	22
3190	3015	22
3191	3012	22
3199	3012	22
3200	3015	22
3208	28	22
3230	3015	22
3250	3015	22
3251	3015	22
3252	3012	22
3254	3015	22
3259	3015	22
3261	3015	22
3264	3015	22
3281	3015	22
3283	3015	22
3285	3012	22
3298	392	25
3299	392	25
3301	3015	22
3302	1297	22
3305	3015	22
3307	3012	22
3312	391	25
3313	391	25
3314	391	25
3315	391	25
3316	391	25
3317	391	25
3318	391	25
3319	391	25
3320	391	25
3321	391	25
3322	391	25
3324	391	25
3326	392	25
3327	392	25
3328	392	25
3329	392	25
3330	392	25
3331	392	25
3332	392	25
3333	392	25
3334	392	25
3335	392	25
3336	392	25
3337	392	25
3338	392	25
3339	392	25
3340	392	25
3341	392	25
3342	392	25
3343	392	25
3345	392	25
3346	392	25
3347	392	25
3348	392	25
3349	392	25
3350	392	25
3351	392	25
3352	392	25
3353	392	25
3354	392	25
3355	392	25
3356	392	25
3357	392	25
3358	392	25
3359	399	25
3360	399	25
3361	399	25
3362	399	25
3363	399	25
3364	399	25
3365	399	25
3366	399	25
3368	399	25
3369	399	25
3371	3370	25
3372	3370	25
3373	3370	25
3374	3370	25
3375	3370	25
3376	3370	25
3377	3370	25
3379	3370	25
3380	3370	25
3385	400	25
3386	400	25
3388	400	25
3390	400	25
3391	400	25
3393	400	25
3395	400	25
3397	400	25
3403	5	2
3417	72	6
3420	3419	9
3428	3419	9
3431	1283	9
3432	3020	9
3434	3020	9
3435	3020	9
3437	3436	9
3438	3436	9
3439	3436	9
3440	10	9
3442	10	9
3444	10	9
3448	10	9
3449	10	9
3450	10	9
3455	10	9
3461	12	9
3464	12	9
3465	12	9
3466	12	9
3467	1285	9
3502	564	33
3503	561	33
3504	561	33
3505	561	33
3507	3506	33
3508	3506	33
3509	3506	33
3510	3506	33
3511	3506	33
3512	3506	33
3513	3506	33
3514	3506	33
3515	3506	33
3517	562	33
3520	562	33
3522	562	33
3529	562	33
3531	562	33
3532	558	33
3543	3506	33
3544	564	33
3545	564	33
3546	3506	33
3550	564	33
3551	564	33
3552	564	33
3554	564	33
3558	564	33
3560	564	33
3561	564	33
3572	558	33
3573	558	33
3574	558	33
3576	558	33
3577	558	33
3587	558	33
3588	558	33
3591	558	33
3594	558	33
3614	34	33
3616	34	33
3620	34	33
3634	12	9
3636	4318	2
3638	49	1
3643	3639	13
3644	3639	13
3647	3646	13
3651	3649	13
3655	3654	14
3656	3654	14
3657	3654	14
3660	3659	14
3662	3661	14
3669	3645	13
3673	3670	14
3676	3670	14
3677	3670	14
3682	4320	18
3683	4320	18
3684	3639	13
3705	19	4321
3706	19	4321
3711	19	4321
3740	4112	22
3743	16	4321
3744	4374	4321
3745	16	4321
3756	29	2877
3758	29	2877
3774	59	1
3782	59	1
3788	59	1
3808	53	2
3814	3811	33
3817	3811	33
3818	3811	33
3820	580	33
3821	580	33
3822	580	33
3823	580	33
3825	580	33
3826	580	33
3828	580	33
3831	580	33
3832	580	33
3834	580	33
3836	59	1
3844	3424	9
3855	727	41
3856	727	41
3857	727	41
3858	727	41
3859	727	41
3860	727	41
3861	727	41
3862	727	41
3863	727	41
3864	727	41
3865	727	41
3866	727	41
3867	727	41
3868	727	41
3869	727	41
3870	727	41
3871	727	41
3872	727	41
3873	727	41
3874	727	41
3894	736	41
3895	736	41
3896	736	41
3897	736	41
3898	736	41
3899	736	41
3900	736	41
3901	731	41
3902	731	41
3903	731	41
3904	731	41
3905	731	41
3906	731	41
3907	731	41
3908	731	41
3909	731	41
3910	731	41
3911	731	41
3912	731	41
3913	731	41
3918	3917	1
3919	3917	1
3920	3917	1
3921	3917	1
3922	3917	1
3923	3917	1
3931	59	1
3932	3649	13
3933	729	41
3934	729	41
3935	729	41
3936	729	41
3937	729	41
3938	729	41
3939	729	41
3940	729	41
3941	729	41
3942	729	41
3943	729	41
3944	729	41
3945	729	41
3946	729	41
3947	729	41
3948	729	41
3949	729	41
3950	729	41
3951	726	41
3952	726	41
3953	726	41
3954	726	41
3955	726	41
3956	726	41
3957	726	41
3958	726	41
3959	726	41
3960	726	41
3961	726	41
3962	726	41
3963	726	41
3964	726	41
3985	737	41
3986	737	41
3987	737	41
3988	737	41
3989	737	41
3990	737	41
3991	737	41
3992	737	41
3993	737	41
3994	737	41
3995	737	41
3996	737	41
3997	737	41
3998	737	41
3999	737	41
4000	728	41
4001	728	41
4002	728	41
4003	728	41
4004	728	41
4005	728	41
4006	728	41
4007	728	41
4008	728	41
4009	734	41
4010	734	41
4011	734	41
4012	734	41
4013	734	41
4014	734	41
4015	734	41
4016	734	41
4017	734	41
4018	734	41
4019	732	41
4020	732	41
4021	732	41
4022	732	41
4023	732	41
4024	732	41
4025	732	41
4026	732	41
4027	732	41
4028	732	41
4029	732	41
4030	732	41
4031	732	41
4032	732	41
4033	732	41
4034	732	41
4036	733	41
4037	733	41
4038	733	41
4039	733	41
4040	733	41
4041	733	41
4042	733	41
4043	733	41
4044	733	41
4045	733	41
4046	733	41
4047	733	41
4051	735	41
4052	735	41
4053	735	41
4054	735	41
4055	735	41
4056	735	41
4057	735	41
4058	735	41
4059	735	41
4060	735	41
4061	735	41
4062	735	41
4063	735	41
4064	735	41
4065	735	41
4066	735	41
4068	709	41
4070	42	41
4071	42	41
4085	42	41
4089	26	22
4094	332	4110
4100	332	4110
4101	69	2
4113	4112	22
4114	4112	22
4115	4112	22
4117	343	22
4119	72	6
4122	70	6
4124	4	1
4128	70	6
4129	71	6
4130	71	6
4131	72	6
4133	72	6
4134	181	6
4146	3424	9
4170	4318	2
4173	3012	22
4174	4	1
4176	3012	22
4177	71	6
4180	40	4110
4181	3488	33
4187	4	1
4189	4	1
4210	3020	9
4211	4109	32
4212	483	2877
4239	1250	22
4244	28	22
4248	536	32
4251	1283	9
4255	483	2877
4262	28	22
4266	544	32
4267	544	32
4271	538	32
4273	343	22
4280	539	32
4283	640	37
4287	4286	22
4292	4112	22
4294	1297	22
4298	2913	4110
4302	4318	2
4303	72	6
4304	564	33
4309	4286	22
4314	1300	22
4315	5	2
4322	181	6
4323	4109	32
4324	537	32
4326	1253	22
4327	29	2877
4328	17	4321
4329	17	4321
4330	17	4321
4331	17	4321
4332	17	4321
4333	72	6
4337	3020	9
4338	630	37
4339	640	37
4340	646	37
4341	630	37
4342	35	33
4343	558	33
4345	4320	18
4346	3639	13
4347	3649	13
4348	3	1
4349	59	1
4350	59	1
4351	59	1
4352	59	1
4353	539	32
4354	3	1
4356	3649	13
4357	3649	13
4358	3639	13
4359	226	13
4360	3646	13
4361	3646	13
4362	3419	9
4363	3419	9
4364	10	9
4366	49	1
4367	59	1
4369	72	6
4370	49	1
4371	4344	4321
4373	4372	4321
4375	34	33
4378	564	33
4379	558	33
4381	4179	2
4382	49	1
4383	31	2877
4385	2913	4110
4386	627	37
4388	30	2877
4389	30	2877
4390	30	2877
4391	30	2877
4392	30	2877
4393	30	2877
4394	30	2877
4395	483	2877
4396	483	2877
4397	29	2877
4398	30	2877
4399	35	33
4400	30	2877
4401	540	32
4402	30	2877
4403	30	2877
4404	29	2877
4405	30	2877
4406	29	2877
4407	29	2877
4408	3686	18
4409	16	4321
4410	15	4321
4411	4372	4321
4412	3436	9
4414	1781	37
4415	1781	37
4416	1781	37
4417	1781	37
4418	1781	37
4419	1781	37
4420	1781	37
4421	4428	37
4422	630	37
4423	630	37
4424	630	37
4425	630	37
4426	630	37
4427	630	37
4429	640	37
4430	4380	37
4431	4380	37
4432	4380	37
4433	4380	37
4434	4380	37
4435	646	37
4436	4111	37
4437	4111	37
4438	4111	37
4439	4111	37
4440	4111	37
4441	4111	37
4442	4111	37
4443	4111	37
4444	28	22
4445	49	1
